37.36562192445804
126.7250716892062
37.3656243173925
126.7250675098913
37.3656272662268
126.72506242702974
37.36563052885059
126.7250569504921
37.365632934891906
126.72505292351161
37.36563577004296
126.7250479463345
37.36563854622189
126.72504294164979
37.36564134538804
126.72503792386574
37.36564416145386
126.72503289463073
37.365647024212294
126.72502785149415
37.36564985467884
126.72502280959105
37.36565266451856
126.72501781413867
37.365655518283354
126.72501275387174
37.365658257593196
126.72500788778218
37.36566164871546
126.72500186439963
37.36566404383712
126.72499761308491
37.3656668901823
126.72499256389459
37.36566995991951
126.72498711833137
37.365672817217984
126.72498204882422
37.365675664979825
126.72497699467979
37.36567849937512
126.72497196411118
37.36568134913993
126.72496690689046
37.36568421127982
126.72496182819054
37.365687625625775
126.72495575052137
37.365690199853105
126.7249509524711
37.36569225923666
126.72494710126423
37.36569465245877
126.72494264773981
37.36569777624022
126.72493687371367
37.36570063347696
126.7249316046114
37.36570331495964
126.72492664920975
37.365705649926994
126.72492232338479
37.365708424035994
126.72491722571891
37.36571107234564
126.72491213288662
37.36571361814621
126.7249069582137
37.36571616635754
126.72490179449387
37.36571887742672
126.72489637224912
37.36572177270115
126.72489062174776
37.36572402047871
126.72488614913955
37.36572662142119
126.72488094949742
37.365729248783495
126.72487568289898
37.365731901348035
126.72487036824633
37.36573431110493
126.72486554862684
37.36573716894293
126.72485983935358
37.36573953125259
126.72485511949898
37.36574240105543
126.72484938173783
37.36574476214836
126.72484465942117
37.3657479726743
126.7248382376848
37.36575027216725
126.72483363356449
37.365752622787554
126.72482892086667
37.36575554781999
126.72482303766236
37.365757905726106
126.7248183177231
37.36576053111879
126.72481308468942
37.36576318432162
126.72480780692538
37.36576585787777
126.724802489954
37.36576851511762
126.72479720048099
37.365771150608694
126.724791945605
37.365773790146264
126.72478669021876
37.36577698869352
126.72478029287323
37.36577905860922
126.72477616395852
37.365781679104686
126.7247709409332
37.36578430911474
126.72476569785027
37.36578695446023
126.72476042277533
37.36578957923095
126.72475518971332
37.365791961263916
126.72475044100138
37.36579466443792
126.72474505189084
37.36579696476102
126.72474046608819
37.36579993585531
126.72473454358247
37.36580222253612
126.72472998489567
37.36580520177128
126.72472404599137
37.36580792017287
126.72471862648418
37.36581053462624
126.72471341474984
37.36581318556493
126.72470813032801
37.36581582861946
126.72470286139132
37.36581847391895
126.72469758764858
37.36582111611366
126.72469232050302
37.36582323911564
126.7246880885031
37.365825905404556
126.72468277290572
37.36582855872113
126.72467748349973
37.36583122342246
126.72467217117993
37.36583355115865
126.72466753087748
37.365836502274455
126.72466173870106
37.365838469331244
126.72465744568368
37.36584079504214
126.7246510890835
37.36584242883819
126.72464651385067
37.3658444822678
126.72464099636935
37.365846926720025
126.72463476126043
37.365848455864715
126.72463027869136
37.36584988000469
126.7246247237118
37.36585126197358
126.72461906749588
37.36585277167839
126.72461338562626
37.36585414422053
126.72460803270306
37.365855126430546
126.72460138999351
37.365855591458306
126.72459665129563
37.36585624706772
126.72459095831783
37.365856705260335
126.72458541085639
37.36585691752277
126.72457979962796
37.365857166357614
126.72457413095692
37.36585715353578
126.72456864596643
37.36585694390219
126.72456400948809
37.36585673078701
126.72455815978927
37.365856258900905
126.72455285087631
37.365855340572054
126.72454633049715
37.365854748828
126.72454161731036
37.36585399859044
126.7245369428528
37.36585299142897
126.72453176920578
37.365852019398716
126.72452654897086
37.36585083254171
126.72452158064854
37.3658494620923
126.72451664375949
37.36584778420111
126.7245110514365
37.36584597547052
126.72450654877149
37.365844132250665
126.72450202961865
37.36584269382817
126.72449870871807
37.36584064021055
126.72449441795648
37.36583855337165
126.72449003369994
37.365836440288604
126.72448542191432
37.36583430701404
126.72448120424066
37.3658318575316
126.72447727238219
37.36582932253352
126.72447325567259
37.36582693663875
126.72446931607871
37.36582493297141
126.72446584509763
37.365821999780145
126.72446115545348
37.36581969570242
126.72445819447165
37.36581679990674
126.72445456175042
37.365813655387186
126.72445047007997
37.36581054628417
126.72444708961359
37.36580768811972
126.72444433674114
37.36580450875243
126.72444122083311
37.36580137585417
126.7244379829641
37.365798172255246
126.72443494768642
37.36579485911184
126.7244321508894
37.36579146352792
126.72442928611859
37.36578802749478
126.72442625596956
37.365784179521405
126.72442322818901
37.365780653989184
126.72442070636124
37.36577637683978
126.72441755707972
37.365773657573826
126.72441556565181
37.365770125905726
126.72441344302457
37.36576731938094
126.72441225846461
37.36576346315261
126.72441103429561
37.3657594347737
126.72440963942435
37.365755548161346
126.72440811910954
37.36575167567898
126.72440650417059
37.36574785531946
126.72440532888123
37.36574391288668
126.72440458058706
37.365739893300166
126.7244038032251
37.36573584674665
126.72440288936615
37.365731797525875
126.72440189409662
37.36572761800345
126.72440087692144
37.365723449903605
126.72439991380048
37.36571925093003
126.72439897556026
37.36571520673783
126.72439802364136
37.365711720171674
126.72439739755019
37.36570749881549
126.72439690388103
37.36570322079716
126.724396388407
37.365698931813775
126.72439580335934
37.365694668210125
126.72439513661361
37.3656899761024
126.72439472974408
37.36568567255104
126.72439514525597
37.36568186808593
126.72439581367819
37.36567763210292
126.72439642109903
37.36567265171512
126.72439694006037
37.36566839873954
126.72439732908389
37.365664282925096
126.72439821066284
37.365660158882555
126.72439935059592
37.3656559506635
126.72440045381266
37.365652780574656
126.72440120971117
37.36564851908137
126.72440217065727
37.365644732995
126.7244030294806
37.36563986682392
126.72440418134886
37.365635307347134
126.72440529257256
37.365630892278496
126.7244063655786
37.36562646389079
126.72440742531177
37.36562198178289
126.72440848748634
37.36561746101989
126.72440955963685
37.365612905950385
126.72441064621901
37.36560829833155
126.72441174963609
37.365603678115384
126.72441285584566
37.36559901754024
126.72441396923992
37.365594599014294
126.72441502337635
37.36559078215543
126.72441593378002
37.365585169237484
126.7244172737975
37.36558111864474
126.72441824146294
37.36557636492237
126.72441937718226
37.36557161170668
126.72442051422132
37.365566893368616
126.72442168436199
37.365562586820786
126.72442235677494
37.365557519965506
126.72442266643479
37.36555319036374
126.72442297164994
37.36554818362617
126.72442334868738
37.365544089884565
126.72442315345793
37.36553864381613
126.72442230992563
37.365534339272685
126.72442167376944
37.3655297434284
126.72442114571605
37.365525257122535
126.7244205467525
37.365520956278736
126.72441930089573
37.36551663340624
126.72441778575495
37.36551256031092
126.72441643244542
37.36550869019112
126.72441525814533
37.365504283816975
126.72441397173874
37.36550011067759
126.72441220387572
37.365496110760674
126.72441000695687
37.365491351869494
126.72440744332589
37.365488036870325
126.72440576817463
37.36548383224342
126.72440376114108
37.36547991147588
126.7244014523012
37.365476222636985
126.72439863344516
37.365472448561185
126.72439571564573
37.36546861106886
126.72439296093563
37.365464965505765
126.72439012748532
37.365461705568734
126.72438676404151
37.3654585565934
126.72438311252226
37.36545531370921
126.72437948483807
37.3654523862733
126.72437635700574
37.36544867260827
126.72437250385516
37.36544565821146
126.72436874104471
37.36544279524369
126.7243648064777
37.36544022729854
126.72436136792166
37.36543729788799
126.72435748924501
37.36543474591717
126.72435338574567
37.36543246574345
126.72434898425026
37.36543010207297
126.72434448670934
37.365427675774974
126.72434007894807
37.36542516790509
126.72433562334457
37.36542232577214
126.7243305298768
37.36541975096921
126.72432583145759
37.36541763370233
126.72432194023882
37.36541510656892
126.72431730903544
37.36541253450114
126.72431262593246
37.365410177096194
126.72430834857886
37.3654073387823
126.72430319461178
37.36540496895411
126.72429888089431
37.365402086815074
126.7242936272931
37.36539970091967
126.72428927900174
37.36539677874577
126.7242839583645
37.36539374626158
126.72427843996107
37.36539137797955
126.72427412981646
37.365388926515195
126.72426966674135
37.36538594045204
126.72426422929405
37.36538350914531
126.72425972757856
37.36538045744047
126.72425455372509
37.36537766120488
126.72425050529321
37.36537454780571
126.72424602866899
37.365371513093805
126.72424146434321
37.36536843989338
126.7242371293832
37.36536447006609
126.7242323615053
37.36536128203049
126.72422857593365
37.365357888409385
126.72422445079846
37.36535455305522
126.72422032368758
37.36535117983335
126.72421614745717
37.365347777940435
126.72421197303032
37.365345067431505
126.72420866872692
37.365341603059086
126.72420442211693
37.36533816566632
126.72420023765144
37.365334587704865
126.72419665694281
37.36533080701626
126.72419319944967
37.36532703353431
126.72418966451235
37.36532331846184
126.72418606714453
37.365319562087016
126.72418239046037
37.36531578612891
126.72417872959399
37.36531196533519
126.72417507195644
37.36530830026236
126.72417157891593
37.36530511895529
126.72416850636286
37.365301289822256
126.72416494056928
37.36529742385496
126.72416140523141
37.36529353461881
126.72415783980112
37.36528971764241
126.72415426262582
37.36528582449603
126.72415111464225
37.36528150373076
126.72414819659535
37.3652769096442
126.72414507055828
37.365273532590194
126.72414262044411
37.36526943178494
126.72413998327318
37.365265226271624
126.7241375759504
37.3652609881904
126.72413515908114
37.36525673059653
126.72413267776425
37.365252539217266
126.72413016979922
37.36524829955383
126.72412789129098
37.36524398362581
126.72412563883057
37.365239636014856
126.72412335315086
37.36523543632699
126.72412111272702
37.36523084199408
126.72411864447331
37.365226918203106
126.72411654136872
37.36522207560446
126.72411396035231
37.36521808667384
126.7241118406314
37.36521321682777
126.72410925054335
37.36520919364932
126.7241071063382
37.365204252626484
126.72410446461647
37.36520016963264
126.72410229464305
37.365195649471886
126.72409989970772
37.365190124382515
126.72409698647851
37.36518614538866
126.72409494006767
37.365182080370374
126.7240927980113
37.365177403223676
126.72409040671734
37.36517290351262
126.7240881597394
37.36516852843391
126.72408568750204
37.36516438551478
126.72408279588602
37.36515980556225
126.72407927018232
37.365155711469846
126.72407621882653
37.365151513101004
126.72407330009409
37.365147521492915
126.72407042169526
37.36514474011067
126.72406787903145
37.36514120537988
126.72406416104516
37.36513761828136
126.72406043004061
37.36513395597063
126.72405679895155
37.36513069459431
126.72405367372026
37.36512665293241
126.72404958111005
37.365123896728505
126.72404612044402
37.36512035077835
126.72404137822276
37.36511753441751
126.72403777026301
37.36511428993309
126.7240336604552
37.36511153763292
126.7240293901075
37.36510918069898
126.72402474310748
37.36510689178578
126.72402019229737
37.365104372711286
126.72401547137767
37.365101870276284
126.72401092370431
37.36509965352348
126.7240061091435
37.36509751054981
126.72400120194708
37.365095354002385
126.72399631290646
37.36509311291397
126.72399135662424
37.36509085114192
126.72398643936525
37.36508858679487
126.72398148925653
37.36508629298105
126.72397645230274
37.36508400633276
126.72397147952404
37.36508204962404
126.72396653784295
37.36507995087183
126.72396032692836
37.36507871334228
126.72395678832737
37.36507671286498
126.72395089556001
37.36507545124375
126.72394645026542
37.36507372809894
126.72394037209509
37.36507252147651
126.7239359506153
37.36507145279963
126.72393064726391
37.365070438622574
126.7239252802002
37.36506934661378
126.72391980869402
37.36506807447104
126.72391371973765
37.36506686116001
126.72390810900936
37.365066092183056
126.72390357670514
37.36506544615917
126.723898531068
37.36506467445516
126.72389257689723
37.36506394772551
126.72388751414506
37.3650630639142
126.72388154389448
37.365062702902414
126.72387658319458
37.36506241334874
126.72387052546793
37.36506213381304
126.72386548624223
37.365061725290765
126.72385941496886
37.3650612705675
126.723853067111
37.36506090125068
126.72384764834287
37.365060534859964
126.72384191554117
37.365060138564886
126.72383611692621
37.36505993318731
126.72383044416655
37.365059967654474
126.72382481373309
37.36505998878124
126.72381909751755
37.36505995434372
126.72381327905077
37.36505989131577
126.72380751300418
37.36505983484181
126.72380159993017
37.36505980691921
126.72379715902461
37.36505978192036
126.72379120412491
37.365059756088016
126.7237850613312
37.36505976077221
126.72377908580782
37.365059456737264
126.72377337786916
37.36505888798264
126.72376763197443
37.36505834953748
126.723761828396
37.36505790112306
126.72375607985498
37.365057108829255
126.72375053862825
37.36505612188332
126.72374491865007
37.365055171764716
126.72373933304952
37.36505428625539
126.72373376242334
37.36505310377989
126.72372843594088
37.36505173383459
126.72372433571614
37.36504995129526
126.7237192808436
37.365048167343716
126.72371435617478
37.36504607453487
126.72370965619653
37.365043934144616
126.7237048846942
37.365041783772185
126.72370032144106
37.36503927423653
126.72369613049607
37.365036647950696
126.7236919626343
37.36503428518639
126.72368803476829
37.36503164002413
126.72368413279543
37.36502927814218
126.72368063462334
37.365026160009705
126.72367585257543
37.36502392682914
126.72367277704673
37.36502092129595
126.723668650842
37.36501855334345
126.72366548010834
37.36501525275754
126.72366111537877
37.36501280486655
126.72365847446687
37.365009734051995
126.72365544820394
37.365006549733955
126.72365217086497
37.3650034433152
126.72364878991172
37.36500036420917
126.72364536876627
37.364996250166094
126.7236408788241
37.36499376971539
126.72363818596328
37.3649905000148
126.7236349467831
37.3649871794203
126.72363170328376
37.3649838535074
126.7236283906872
37.36498052397548
126.72362496156396
37.36497714531759
126.72362183774896
37.36497358732869
126.72361903093045
37.36496997208737
126.7236161716593
37.36496644092318
126.72361321181751
37.364962912049826
126.72361055684966
37.364958385593326
126.72360766585525
37.36495573821951
126.7236059736721
37.36495241146893
126.72360378878902
37.364948669693
126.72360122467634
37.364944924799936
126.72359913069221
37.36494103526326
126.72359723408145
37.36493711236594
126.72359529032579
37.36493319901482
126.72359329601792
37.364929220049234
126.72359116849356
37.36492530215132
126.72358939510555
37.36492130174221
126.72358781432708
37.36491736868447
126.72358618559934
37.36491352242324
126.72358491531257
37.3649095286282
126.7235840208003
37.36490540228098
126.72358313391254
37.36490138218871
126.72358207346748
37.36489726251053
126.72358094733431
37.364893713858656
126.72357994301791
37.36488878871205
126.72357880970269
37.3648854010759
126.7235784546819
37.36488131096304
126.72357798198992
37.36487718097238
126.72357757360233
37.36487289453087
126.72357748496475
37.3648683178668
126.72357739256564
37.36486473679647
126.72357728269397
37.36486047910652
126.72357708753424
37.364856425551224
126.72357711366224
37.36485203262378
126.72357759721076
37.36484721276544
126.72357812230564
37.364843018831486
126.72357843160415
37.36483974087756
126.72357875943182
37.364835737277794
126.72357968022725
37.3648316709838
126.72358076585499
37.364827639687576
126.72358173370249
37.364823691040165
126.72358291957505
37.3648198889334
126.72358454219399
37.36481599635252
126.72358627595698
37.36481213846691
126.7235878798028
37.364808409035206
126.7235897238059
37.36480466128137
126.72359175890844
37.36480086595608
126.72359383012073
37.36479700316753
126.72359590776513
37.36479319262629
126.72359794933031
37.36478933170012
126.72359994159447
37.36478530267411
126.72360201999874
37.36478220144875
126.7236035596248
37.364778512869435
126.72360586841899
37.36477520106662
126.72360868749995
37.36477176259457
126.723611659047
37.36476829283913
126.72361462705992
37.36476509465074
126.72361743340277
37.36476226631527
126.7236207261219
37.364759556938765
126.7236242408077
37.3647568368008
126.72362763582291
37.36475427530775
126.72363148918441
37.36475172384437
126.72363533138866
37.36474932350024
126.7236386019535
37.36474655746488
126.72364279133349
37.36474438239908
126.72364602795425
37.364741332832644
126.72365054324972
37.36473908436913
126.72365398159286
37.36473633735252
126.72365798036806
37.36473372060861
126.72366203882127
37.364731335804436
126.72366587723532
37.36472890301004
126.72366979785754
37.364726281311135
126.72367387752139
37.36472373441841
126.72367789290189
37.364720601390374
126.72368293002316
37.36471842620931
126.72368643924081
37.36471572813752
126.72369079109399
37.364713012166945
126.7236951382332
37.364710264877374
126.72369940500081
37.364707614194224
126.7237037934093
37.36470483386942
126.72370817992119
37.36470213642278
126.72371265355837
37.364699367260556
126.72371716989242
37.364696644475934
126.72372154527481
37.36469393276214
126.72372585644817
37.36469096137449
126.72373051848588
37.364688420305804
126.72373465432807
37.36468526300813
126.72373971306746
37.36468272919061
126.72374376844883
37.36467989229456
126.72374835935906
37.36467704895941
126.72375309078843
37.3646743993509
126.72375777436835
37.3646717243345
126.72376248817633
37.36466896400185
126.72376729535587
37.36466616121582
126.72377214378785
37.364662764003896
126.72377802622633
37.36466057675906
126.72378181606521
37.36465775124008
126.72378671940938
37.36465496868116
126.7237916364004
37.36465212697025
126.72379657012438
37.36464949717591
126.72380110088997
37.36464668462721
126.72380609941492
37.36464418996645
126.72381036026253
37.36464091870456
126.72381598869248
37.364638389003346
126.72382035620812
37.36463547876399
126.7238253535923
37.36463259211184
126.72383023513486
37.36462971770682
126.72383524211683
37.364626806049436
126.72384015874181
37.364623955230364
126.72384507839476
37.364621074390165
126.72385002436641
37.36461818342919
126.72385503748951
37.36461524087264
126.72386007413763
37.364612319890554
126.72386508502304
37.36460942937292
126.72387009442748
37.36460655460748
126.72387501135617
37.364603599004674
126.72388002574176
37.364600768772824
126.7238847916527
37.364597858834216
126.72388982266106
37.36459490528572
126.72389482057342
37.36459195375456
126.72389987863743
37.36458952617702
126.72390402064337
37.36458610603245
126.72390989437346
37.36458364485402
126.72391403390549
37.36458076636494
126.72391904500999
37.364577941485045
126.72392398006767
37.36457503058204
126.7239289164325
37.364572102882654
126.7239338517755
37.36456923793217
126.72393866974899
37.36456571816882
126.7239445958025
37.3645632562554
126.72394874900792
37.36456051451778
126.7239534546322
37.364557901408325
126.7239580881017
37.364555035455005
126.72396294867916
37.36455244055186
126.72396727609662
37.36454937210443
126.7239724380646
37.364546825127434
126.72397680673777
37.36454379578253
126.72398206591855
37.3645412791445
126.72398641231112
37.364537842359745
126.72399231298196
37.36453513885651
126.72399694937423
37.36453228959632
126.72400181820916
37.364529425342944
126.72400676896521
37.36452659069285
126.7240116842189
37.36452395649102
126.72401625791493
37.36452145993394
126.72402057245053
37.36451857224865
126.72402554004324
37.364515669693425
126.72403052096308
37.364512750976566
126.72403553025929
37.364509862778114
126.72404049444224
37.364506962284246
126.72404548425736
37.364504038293816
126.72405051429958
37.36450115149255
126.72405547787922
37.36449821185615
126.72406054345306
37.364495270567474
126.72406559107289
37.36449234697714
126.72407057051481
37.36448942400604
126.72407556249279
37.36448647807942
126.72408062280668
37.36448355859762
126.72408564426804
37.364480616296
126.72409070718506
37.36447772082016
126.72409568812284
37.364474966332914
126.72410042465879
37.36447251451275
126.72410463993704
37.36446910166407
126.72411050746304
37.36446669531446
126.72411464537366
37.36446330777808
126.72412047059211
37.36446090702895
126.72412459943334
37.36445799561573
126.72412960617571
37.364455071219055
126.72413463495303
37.3644521049158
126.72413971553983
37.3644492370101
126.72414461796262
37.36444675384335
126.72414964081409
37.36444465992597
126.72415564341318
37.364443427567615
126.72416141272151
37.36444251059907
126.72416620375235
37.364441277145644
126.72417187691649
37.36444007219464
126.72417696987466
37.3644390935443
126.72418303917031
37.36443884861795
126.72418816707922
37.36443865369529
126.72419439242704
37.36443837943039
126.72419963570441
37.364437933484176
126.72420596132552
37.36443751698309
126.72421115566527
37.36443734110088
126.72421799156834
37.36443785219821
126.72422324367615
37.36443864252536
126.72422879999722
37.36443928325833
126.72423436445654
37.36443985026996
126.72423986029217
37.364440822274034
126.72424521786557
37.364442384860475
126.72425026307629
37.364444530871246
126.72425499196282
37.36444686397599
126.72425953916625
37.36444909022053
126.72426423569482
37.36445072686812
126.72426801355162
37.364452903917595
126.72427266901325
37.364455357634185
126.72427668120952
37.36445838702367
126.72428033157485
37.36446151507149
126.7242839601806
37.36446455662672
126.72428780322207
37.36446747937233
126.72429167845272
37.3644705695843
126.72429512030104
37.364474029813294
126.72429794636895
37.364477795065454
126.7243002342256
37.36448162470267
126.72430263433918
37.36448535216194
126.72430525556454
37.36448897795138
126.72430778855214
37.36449284190724
126.72430976768946
37.36449624938618
126.72431098037099
37.3645009351847
126.72431265781742
37.36450438791275
126.72431404770343
37.364508534889126
126.72431581897982
37.364512697083384
126.72431760394535
37.364516897528674
126.72431935258801
37.36452079876036
126.72432093221703
37.36452539285295
126.7243228050911
37.364530005743816
126.72432469727458
37.364535241387216
126.72432679816316
37.36453848109309
126.72432822472257
37.36454242751091
126.7243305890723
37.36454627580788
126.7243333013626
37.36455023321017
126.72433598811048
37.36455424674536
126.72433853701575
37.36455820817649
126.72434107052571
37.36456182638394
126.72434399905032
37.364565039618846
126.72434757230633
37.36456824210691
126.72435134272098
37.36457161714076
126.7243550543424
37.36457579935109
126.72435936506861
37.36457810170745
126.72436183289152
37.36458072425348
126.72436518796846
37.364583229835276
126.72436944977481
37.36458572310479
126.72437391849964
37.36458835244763
126.72437830892383
37.36459108933469
126.72438264807496
37.36459386313164
126.72438701339657
37.36459639996518
126.72439147716685
37.364598929239484
126.72439607866946
37.364601506102495
126.72440071282507
37.3646041420922
126.72440535038457
37.3646066597041
126.72440973537883
37.36460934839348
126.72441443537147
37.3646115982057
126.72441839914904
37.36461476539663
126.72442400435504
37.36461701579082
126.72442798409487
37.36462023286649
126.72443365552337
37.364622546984364
126.72443772746976
37.364625350928065
126.72444266248698
37.364628163886145
126.72444761932753
37.36463096894815
126.72445256602695
37.3646339240812
126.72445775085377
37.364637084547496
126.72446331041732
37.364639467165176
126.72446749055732
37.36464233086488
126.72447249565657
37.36464516705081
126.72447746088552
37.36464806310154
126.72448251430271
37.364650854918395
126.72448747486456
37.364653876943116
126.72449206282135
37.36465701870439
126.72449663996808
37.364660092212034
126.72450120214282
37.36466305381263
126.7245058032755
37.364666183506245
126.72450993388459
37.364669765354
126.72451415635678
37.36467298872096
126.72451787048372
37.36467671044517
126.7245222729663
37.36467979812732
126.72452617133729
37.3646834861667
126.72453046696734
37.36468666398534
126.72453379367093
37.364690868074625
126.72453820193253
37.36469452747792
126.72454203502929
37.36469819240521
126.72454591757713
37.36470185625044
126.72454961353188
37.36470651677729
126.72455390398898
37.36470950507431
126.72455666297449
37.364713345111255
126.72456026630242
37.364717179407116
126.72456390357178
37.36472103668526
126.72456755784927
37.36472394557205
126.72457029735496
37.36472788434909
126.72457399034664
37.36473130252319
126.72457719307012
37.364735726207336
126.72458134717375
37.36473916041074
126.72458457896028
37.36474359235072
126.72458875120661
37.36474770533037
126.72459261974892
37.36475165418883
126.724596331088
37.36475562418471
126.72460006181683
37.36475955821333
126.72460375999432
37.36476353322454
126.7246074976791
37.3647675059315
126.72461123353878
37.36477065004672
126.72461418995306
37.36477459318369
126.72461789698787
37.364778576405314
126.72462164153278
37.364782536072234
126.72462536434973
37.36478649908153
126.72462909025334
37.36479036891282
126.72463272882491
37.364794413151145
126.7246365312243
37.36479840159516
126.72464028099724
37.36480235628822
126.72464399905628
37.36480632323521
126.72464772863313
37.36481027105166
126.72465144039698
37.364813911710215
126.72465486330364
37.36481826595883
126.72465895723334
37.36482184387456
126.72466232104777
37.36482615067633
126.72466637006737
37.36482975096585
126.72466975500048
37.36483455447622
126.72467427102208
37.364838305017344
126.72467779721194
37.36484228715806
126.7246815410635
37.36484628969578
126.7246853042411
37.364850259460425
126.72468903649363
37.36485423107989
126.72469277045639
37.36485819772757
126.7246964997458
37.3648621712558
126.72470023554678
37.364866121884575
126.7247039497292
37.36487010949127
126.72470769897451
37.36487407188369
126.72471142421612
37.364878947236576
126.72471600780452
37.36488204288409
126.7247189181843
37.36488503978469
126.72472173588682
37.36488900667541
126.72472546534415
37.36489299142411
126.72472921170612
37.36489645980344
126.72473247249391
37.36490094539347
126.72473668982552
37.36490442152868
126.72473995796017
37.364908428718046
126.72474372535349
37.36491285231784
126.7247478843028
37.36491630008649
126.72475112585917
37.364920290768325
126.72475487777302
37.36492480079354
126.72475911797198
37.36492881505267
126.7247628919159
37.36493273390831
126.7247665763119
37.3649367438265
126.72477034620985
37.36493992705475
126.72477333897044
37.364943891144776
126.7247770658904
37.36494789052535
126.724780825943
37.36495185739887
126.7247845554931
37.36495582994263
126.72478829029923
37.3649597806753
126.72479200465986
37.364963750030945
126.72479573637582
37.364967257728324
126.72479903422892
37.3649716537361
126.72480316718486
37.36497562788963
126.72480690349485
37.364978950481245
126.72481002733457
37.36498357416877
126.72481437436826
37.36498687750375
126.72481748009754
37.36499152976332
126.72482185392062
37.36499487643776
126.72482500016328
37.36499887884696
126.72482876314436
37.365002852652026
126.72483249925217
37.365006979665765
126.7248363793273
37.36501144670696
126.7248405788831
37.36501475648579
126.72484369079446
37.365018712780866
126.72484741024742
37.36502270888485
126.72485116717601
37.36502676584038
126.72485498140334
37.36503037181001
126.72485837148027
37.36503476186483
126.72486249889437
37.365038401376395
126.72486592056354
37.36504275011729
126.72487000912737
37.36504634327184
126.72487338718835
37.36505117142377
126.72487792643858
37.36505460639883
126.7248811558594
37.36505823218471
126.72488456459297
37.3650622426101
126.72488833513397
37.36506618423452
126.72489204082123
37.36507014945685
126.72489576870984
37.36507409899507
126.7248994819116
37.365078032322245
126.72490317983943
37.365081979999744
126.72490689098768
37.365085945114444
126.72491061866573
37.36508987742088
126.72491431537644
37.3650947429702
126.7249188436819
37.365097762025144
126.72492173653596
37.365101327430146
126.72492579131212
37.365104828151374
126.72492996123356
37.36510835063057
126.72493406132585
37.365111952860595
126.72493813609562
37.36511551567327
126.72494214908647
37.36511874356312
126.72494640081649
37.36512197318794
126.7249508534644
37.36512520255347
126.72495523548388
37.36512827680916
126.72495931044025
37.36513117338669
126.72496311321372
37.36513456140079
126.72496757891001
37.365137943484676
126.72497207967345
37.3651413173393
126.72497659205665
37.36514466751197
126.72498106716688
37.36514802477377
126.72498553551652
37.36515142010123
126.72499004544332
37.365154819070575
126.72499456241032
37.36515819699252
126.72499905753033
37.36516159290169
126.72500357984526
37.36516500841906
126.72500812784169
37.36516818821186
126.72501235992529
37.3651715847389
126.72501687507292
37.365174954763326
126.72502135286044
37.365178366346655
126.72502590011588
37.36518178786575
126.72503046705661
37.365185147958215
126.72503495040006
37.365188547340075
126.72503948174437
37.36519198483981
126.72504406095268
37.3651953642818
126.72504856369787
37.36519872950333
126.72505304921383
37.36520212191102
126.72505757189775
37.36520537359929
126.72506190647678
37.365208876848875
126.72506657604572
37.365211958329205
126.72507068318238
37.36521566529131
126.72507562371884
37.36521874182508
126.72507972437269
37.365222171471466
126.72508429572447
37.36522553499783
126.72508877896895
37.36522896774524
126.72509335427658
37.36523239512758
126.72509792233845
37.365235782430396
126.7251024370832
37.365239171703436
126.72510695418082
37.36524328061549
126.72511243087615
37.36524649298834
126.72511671263611
37.36524986998454
126.72512121348036
37.36525327026491
126.72512574523596
37.36525665403482
126.72513025509365
37.36526003392746
126.72513475998645
37.3652634383022
126.72513929730499
37.36526683653781
126.72514382645356
37.36526938960503
126.72514722906188
37.36527279440653
126.72515176714393
37.36527619976755
126.72515630572636
37.36527916903071
126.72516026301238
37.365283088533324
126.72516548683491
37.365286560789784
126.72517006810592
37.36528996480688
126.72517456546834
37.36529338398949
126.72517898984113
37.36529678082372
126.72518352127527
37.36530019767901
126.72518814272702
37.36530341153273
126.72519249801434
37.36530620344597
126.72519627166335
37.365309619993454
126.72520087357118
37.36531303384658
126.72520545695403
37.365316393808314
126.72520998743683
37.365320210501615
126.72521514605874
37.36532365810943
126.72521980784674
37.36532673162687
126.72522402713548
37.36533009394017
126.72522830825245
37.36533375165022
126.72523201518041
37.365337613638815
126.72523570448173
37.3653413561254
126.72523943288358
37.36534477351912
126.72524293541892
37.36534865444578
126.72524690859197
37.36535244807523
126.7252507543269
37.36535621491008
126.7252544832008
37.36536016389876
126.72525765922354
37.36536405273895
126.72526052505502
37.36536742029327
126.7252631204659
37.36537211071118
126.72526653407397
37.36537548628531
126.72526884592027
37.36538024341395
126.72527197815377
37.365383747695894
126.72527375383811
37.36538802456556
126.72527578201631
37.36539225576646
126.72527772724048
37.365396527304114
126.72527963196552
37.36540113319593
126.72528172575377
37.36540635053526
126.72528414116549
37.36540969767386
126.72528540758428
37.365414050041345
126.72528636040492
37.36541843903465
126.72528665821082
37.36542365136257
126.72528707655796
37.3654270668706
126.72528752247104
37.36543146360021
126.7252880579693
37.365435754923766
126.7252879536826
37.36544002978989
126.725287244224
37.365444379684355
126.72528657488138
37.365448090757596
126.72528606584879
37.365452782991795
126.72528487499564
37.36545628802499
126.72528348448591
37.36546045156012
126.72528181660653
37.36546466974196
126.72528024803563
37.365468905175106
126.72527880419494
37.36547290803215
126.72527714013431
37.36547676085681
126.72527487183469
37.36548060172744
126.72527252541985
37.36548455872
126.72527028584628
37.365488412632274
126.72526810624004
37.36549197599478
126.72526545921241
37.36549547803593
126.72526235170874
37.365498831043546
126.725259435119
37.365502436594326
126.72525653295374
37.365505889664476
126.72525358181295
37.36550898523288
126.72525007120504
37.36551149213318
126.72524704406456
37.36551520586506
126.725242774819
37.36551785031855
126.72523987489102
37.36552096654404
126.72523624081849
37.365523749107695
126.72523237148916
37.36552658818579
126.7252283447926
37.36552939208769
126.72522448386316
37.36553298489314
126.72521966876336
37.365535491743216
126.72521631746721
37.365538499703796
126.72521225241732
37.36554154424101
126.72520809796596
37.365544586164425
126.72520394703892
37.36554764380662
126.72519983405645
37.365550361037414
126.72519553167675
37.36555284460822
126.72519102065289
37.365555407489
126.72518644710554
37.365558044324246
126.72518191861646
37.36556065510795
126.72517750841273
37.36556347629626
126.72517270576142
37.36556632794505
126.72516777814405
37.36556904743057
126.72516304989021
37.36557178010104
126.72515831365719
37.36557458992429
126.72515347068835
37.36557736359845
126.72514870005111
37.36558015235154
126.72514389837737
37.365582968781794
126.72513906649257
37.36558582495442
126.72513413821918
37.36558870871081
126.72512919989492
37.36559085398235
126.72512550977517
37.36559369900515
126.72512059880766
37.365596548755
126.72511568338983
37.36559944180672
126.72511070291799
37.36560245382101
126.72510552313587
37.36560488765 
126.72510129389 
37.36560732148 
126.72509706465 
37.36560975531 
126.72509283541 
37.36561218914 
126.72508860617 
37.36561462297 
126.72508437693 
37.36561705680 
126.72508014769 
37.36561949063 
126.72507591845