37.2951525	
126.9715077
37.295158	
126.9715084
37.2951635	
126.9715093
37.2951689	
126.97151
37.2951743	
126.9715109
37.2951797	
126.9715117
37.2951853	
126.9715125
37.2951908	
126.9715131
37.2951963	
126.9715139
37.2952017	
126.9715143
37.2952072	
126.9715154
37.2952127	
126.9715162
37.2952182	
126.9715172
37.2952235	
126.971518
37.2952289	
126.9715186
37.2952344	
126.9715194
37.2952398	
126.9715202
37.2952452	
126.971521
37.2952506	
126.9715215
37.295256	
126.9715223
37.2952615	
126.9715232
37.295267	
126.971524
37.2952724	
126.9715247
37.2952779	
126.9715257
37.2952834	
126.9715263
37.2952889	
126.9715272
37.2952943	
126.9715278
37.2952998	
126.9715287
37.2953055	
126.9715293
37.2953112	
126.9715304
37.2953168	
126.9715312
37.2953222	
126.971532
37.2953277	
126.9715326
37.2953332	
126.9715334
37.2953386	
126.9715342
37.2953439	
126.9715349
37.2953493	
126.9715355
37.2953547	
126.9715363
37.2953603	
126.9715372
37.2953657	
126.9715381
37.2953711	
126.9715387
37.2953764	
126.9715396
37.2953818	
126.9715402
37.2953872	
126.9715411
37.2953925	
126.9715417
37.2953979	
126.9715425
37.2954032	
126.9715431
37.2954086	
126.9715439
37.2954141	
126.9715448
37.2954194	
126.9715455
37.2954248	
126.9715462
37.2954301	
126.9715472
37.2954356	
126.9715482
37.2954409	
126.9715489
37.2954462	
126.9715499
37.2954516	
126.9715505
37.2954571	
126.9715514
37.2954628	
126.9715519
37.2954683	
126.9715526
37.2954738	
126.9715535
37.2954794	
126.9715546
37.295485	
126.9715552
37.2954903	
126.9715559
37.2954959	
126.9715566
37.2955014	
126.9715575
37.295507	
126.9715583
37.2955127	
126.9715591
37.2955183	
126.9715596
37.2955238	
126.9715599
37.2955294	
126.9715602
37.2955352	
126.9715605
37.2955412	
126.971561
37.2955467	
126.9715613
37.2955524	
126.971561
37.2955581	
126.9715607
37.295564	
126.9715607
37.2955696	
126.9715602
37.2955753	
126.9715598
37.295581	
126.9715592
37.2955867	
126.9715587
37.2955924	
126.9715577
37.2955982	
126.9715572
37.2956039	
126.9715561
37.2956094	
126.9715551
37.2956149	
126.9715538
37.2956202	
126.9715525
37.2956254	
126.9715508
37.2956307	
126.9715499
37.2956359	
126.9715484
37.2956412	
126.971547
37.2956464	
126.9715453
37.2956514	
126.9715436
37.2956563	
126.9715416
37.2956615	
126.9715397
37.2956668	
126.971538
37.2956719	
126.9715361
37.295677	
126.9715341
37.2956819	
126.9715317
37.2956869	
126.9715295
37.2956918	
126.9715269
37.2956969	
126.9715246
37.295702	
126.9715219
37.2957069	
126.9715193
37.2957118	
126.9715164
37.2957168	
126.9715137
37.2957216	
126.9715107
37.2957265	
126.9715078
37.2957312	
126.9715048
37.2957361	
126.971502
37.2957406	
126.9714989
37.295745	
126.9714956
37.2957495	
126.9714923
37.295754	
126.9714889
37.2957587	
126.9714856
37.2957632	
126.9714818
37.2957677	
126.9714782
37.2957721	
126.9714743
37.2957765	
126.9714706
37.2957808	
126.9714664
37.2957853	
126.9714627
37.2957895	
126.9714585
37.295794	
126.9714546
37.2957982	
126.9714501
37.2958024	
126.9714458
37.2958063	
126.9714412
37.2958106	
126.9714368
37.2958148	
126.971432
37.2958189	
126.9714274
37.2958229	
126.9714226
37.2958268	
126.9714179
37.2958307	
126.9714131
37.2958344	
126.9714081
37.2958383	
126.9714032
37.295842	
126.971398
37.2958456	
126.9713928
37.2958491	
126.9713877
37.2958527	
126.9713828
37.295856	
126.9713775
37.2958595	
126.9713725
37.2958627	
126.9713671
37.2958661	
126.9713618
37.2958692	
126.9713562
37.2958726	
126.9713509
37.2958754	
126.9713451
37.2958786	
126.9713396
37.2958814	
126.9713339
37.2958843	
126.9713284
37.295887	
126.9713227
37.2958898	
126.9713172
37.2958925	
126.9713114
37.2958952	
126.9713055
37.2958979	
126.9712997
37.2959002	
126.9712937
37.2959026	
126.9712876
37.2959047	
126.9712814
37.2959072	
126.9712753
37.2959093	
126.9712691
37.2959117	
126.971263
37.2959137	
126.9712568
37.2959161	
126.9712506
37.2959181	
126.9712442
37.2959202	
126.9712379
37.2959219	
126.9712315
37.2959238	
126.971225
37.2959254	
126.9712185
37.2959273	
126.9712117
37.2959288	
126.9712047
37.2959305	
126.9711978
37.2959318	
126.9711906
37.2959334	
126.9711838
37.2959346	
126.9711772
37.2959359	
126.9711702
37.2959371	
126.9711633
37.2959382	
126.9711564
37.2959393	
126.9711493
37.2959402	
126.9711422
37.2959412	
126.9711352
37.2959418	
126.9711282
37.2959426	
126.9711212
37.2959432	
126.971114
37.2959438	
126.9711071
37.2959442	
126.9711004
37.2959446	
126.9710937
37.2959447	
126.9710871
37.2959451	
126.9710805
37.2959452	
126.9710736
37.2959453	
126.9710669
37.2959451	
126.9710599
37.2959452	
126.9710529
37.2959449	
126.9710459
37.295945	
126.9710388
37.2959444	
126.971032
37.2959441	
126.9710251
37.2959435	
126.9710183
37.2959431	
126.9710115
37.2959426	
126.9710047
37.2959419	
126.9709979
37.2959413	
126.9709913
37.2959405	
126.9709845
37.2959397	
126.9709776
37.2959385	
126.970971
37.2959376	
126.9709643
37.295936	
126.9709574
37.2959349	
126.9709506
37.2959334	
126.9709438
37.2959322	
126.9709371
37.2959309	
126.9709305
37.2959294	
126.9709239
37.2959278	
126.9709172
37.2959262	
126.9709106
37.2959242	
126.9709041
37.2959225	
126.9708975
37.2959206	
126.9708912
37.2959186	
126.9708848
37.2959165	
126.9708786
37.2959141	
126.9708724
37.295912	
126.9708658
37.2959097	
126.9708597
37.2959077	
126.9708532
37.2959052	
126.970847
37.2959029	
126.9708405
37.2959001	
126.9708344
37.2958975	
126.970828
37.2958948	
126.970822
37.2958922	
126.9708159
37.2958893	
126.9708099
37.2958866	
126.9708037
37.2958836	
126.9707977
37.2958805	
126.9707918
37.2958773	
126.9707863
37.2958742	
126.9707804
37.2958709	
126.9707749
37.2958677	
126.9707691
37.2958645	
126.9707636
37.295861	
126.9707582
37.2958577	
126.9707526
37.2958541	
126.9707472
37.2958507	
126.9707417
37.2958469	
126.9707365
37.2958434	
126.9707309
37.2958395	
126.970726
37.2958357	
126.9707208
37.2958317	
126.970716
37.2958279	
126.970711
37.2958238	
126.970706
37.29582	
126.970701
37.2958158	
126.9706967
37.2958117	
126.970692
37.2958075	
126.9706878
37.2958033	
126.9706831
37.2957991	
126.9706788
37.295795	
126.9706745
37.2957905	
126.9706702
37.2957862	
126.9706661
37.2957819	
126.970662
37.2957773	
126.9706581
37.2957729	
126.9706541
37.2957683	
126.9706508
37.2957636	
126.9706475
37.2957588	
126.9706437
37.2957541	
126.9706396
37.2957493	
126.9706362
37.2957445	
126.9706323
37.2957398	
126.9706285
37.2957351	
126.9706245
37.2957302	
126.9706215
37.2957254	
126.9706185
37.2957204	
126.9706157
37.2957156	
126.9706127
37.2957103	
126.9706101
37.295705	
126.9706074
37.2956997	
126.9706042
37.2956945	
126.9706014
37.2956892	
126.9705988
37.295684	
126.9705962
37.2956788	
126.9705938
37.2956734	
126.9705916
37.2956682	
126.9705894
37.2956627	
126.9705874
37.2956574	
126.9705853
37.2956518	
126.9705829
37.2956465	
126.9705806
37.295641	
126.970579
37.2956356	
126.9705772
37.2956299	
126.9705765
37.2956243	
126.9705752
37.2956186	
126.9705741
37.295613	
126.9705731
37.2956074	
126.9705723
37.295602	
126.9705712
37.2955965	
126.9705703
37.2955908	
126.9705692
37.2955851	
126.9705682
37.2955791	
126.9705671
37.2955734	
126.9705661
37.2955676	
126.9705657
37.2955616	
126.9705647
37.2955555	
126.9705637
37.2955492	
126.9705628
37.295543	
126.9705621
37.2955368	
126.9705611
37.2955304	
126.9705605
37.2955243	
126.9705597
37.2955181	
126.9705591
37.2955118	
126.9705581
37.2955058	
126.9705572
37.2954996	
126.9705564
37.2954935	
126.9705553
37.2954873	
126.9705542
37.2954811	
126.9705532
37.2954748	
126.970552
37.2954686	
126.9705512
37.2954624	
126.9705503
37.2954562	
126.9705495
37.29545	
126.9705487
37.2954439	
126.9705482
37.2954378	
126.9705475
37.2954317	
126.9705467
37.2954257	
126.9705455
37.2954194	
126.9705442
37.2954132	
126.9705431
37.2954072	
126.9705427
37.2954013	
126.970542
37.2953955	
126.9705414
37.2953898	
126.9705405
37.2953841	
126.9705399
37.2953782	
126.9705388
37.2953723	
126.9705379
37.2953664	
126.9705367
37.2953606	
126.9705361
37.2953547	
126.9705352
37.295349	
126.9705346
37.295343	
126.9705336
37.2953371	
126.9705329
37.2953314	
126.9705317
37.2953257	
126.970531
37.2953201	
126.9705305
37.2953144	
126.9705302
37.2953086	
126.9705291
37.2953032	
126.9705284
37.2952975	
126.9705276
37.2952916	
126.9705268
37.2952861	
126.9705258
37.2952805	
126.9705252
37.2952747	
126.9705243
37.2952688	
126.9705237
37.2952632	
126.9705226
37.2952576	
126.9705221
37.2952519	
126.9705212
37.2952464	
126.9705202
37.2952408	
126.970519
37.2952352	
126.9705183
37.2952297	
126.9705175
37.2952241	
126.9705166
37.2952181	
126.9705157
37.2952121	
126.9705144
37.2952063	
126.9705133
37.2952005	
126.9705127
37.2951946	
126.9705124
37.2951889	
126.9705116
37.2951829	
126.9705107
37.2951768	
126.9705096
37.2951706	
126.9705087
37.2951646	
126.9705078
37.2951587	
126.9705069
37.295153	
126.9705056
37.2951471	
126.9705052
37.2951411	
126.9705041
37.2951351	
126.9705037
37.2951291	
126.9705028
37.2951231	
126.9705022
37.2951172	
126.9705008
37.295111	
126.9705001
37.2951049	
126.9704989
37.2950989	
126.9704983
37.2950929	
126.9704973
37.2950867	
126.9704967
37.2950806	
126.9704958
37.2950745	
126.9704951
37.2950686	
126.9704941
37.2950625	
126.9704933
37.2950565	
126.9704923
37.2950504	
126.9704914
37.2950444	
126.9704906
37.2950383	
126.9704899
37.2950322	
126.9704891
37.2950262	
126.9704881
37.2950203	
126.970487
37.2950145	
126.970486
37.2950085	
126.9704854
37.2950027	
126.9704844
37.2949968	
126.9704839
37.2949907	
126.9704831
37.2949847	
126.9704824
37.2949789	
126.970481
37.2949731	
126.97048
37.2949672	
126.9704792
37.2949614	
126.9704786
37.2949554	
126.9704779
37.2949495	
126.9704772
37.2949436	
126.9704762
37.2949377	
126.9704751
37.2949317	
126.9704741
37.2949257	
126.9704736
37.2949196	
126.9704726
37.2949136	
126.9704722
37.2949076	
126.9704711
37.2949017	
126.9704704
37.2948956	
126.9704692
37.2948892	
126.9704687
37.294883	
126.9704675
37.2948769	
126.9704671
37.294871	
126.970466
37.2948651	
126.9704655
37.2948592	
126.9704647
37.2948532	
126.9704644
37.2948472	
126.9704637
37.2948413	
126.9704635
37.2948351	
126.9704635
37.2948291	
126.9704637
37.294823	
126.9704635
37.294817	
126.9704641
37.294811	
126.9704643
37.2948049	
126.9704648
37.294799	
126.9704652
37.2947932	
126.970466
37.2947873	
126.9704667
37.2947816	
126.9704674
37.2947758	
126.9704685
37.2947701	
126.9704694
37.2947641	
126.970471
37.2947583	
126.9704722
37.2947525	
126.9704739
37.2947467	
126.9704752
37.2947411	
126.9704768
37.2947354	
126.9704784
37.2947299	
126.9704802
37.2947242	
126.9704819
37.2947186	
126.970484
37.294713	
126.9704861
37.2947075	
126.9704883
37.2947019	
126.9704904
37.2946965	
126.9704927
37.294691	
126.9704952
37.2946857	
126.970498
37.2946802	
126.9705008
37.2946749	
126.9705037
37.2946696	
126.9705066
37.2946645	
126.9705097
37.2946594	
126.9705126
37.2946544	
126.970516
37.2946493	
126.9705193
37.2946441	
126.9705227
37.2946391	
126.9705264
37.2946339	
126.9705299
37.2946289	
126.9705338
37.2946237	
126.9705372
37.2946189	
126.9705412
37.294614	
126.970545
37.2946093	
126.970549
37.2946045	
126.9705528
37.2945998	
126.9705572
37.294595	
126.9705612
37.2945905	
126.9705657
37.2945857	
126.97057
37.2945813	
126.9705747
37.2945767	
126.9705791
37.2945725	
126.970584
37.2945681	
126.9705885
37.294564	
126.9705934
37.2945597	
126.9705982
37.2945556	
126.9706033
37.2945513	
126.970608
37.2945474	
126.9706132
37.2945433	
126.9706183
37.2945394	
126.9706236
37.2945355	
126.9706291
37.2945317	
126.9706346
37.2945279	
126.9706402
37.2945239	
126.970646
37.2945203	
126.9706518
37.2945167	
126.9706574
37.2945133	
126.9706634
37.2945097	
126.9706694
37.2945065	
126.9706755
37.2945031	
126.9706814
37.2945	
126.9706874
37.2944968	
126.9706933
37.2944939	
126.9706996
37.2944908	
126.9707057
37.2944879	
126.970712
37.294485	
126.9707182
37.2944823	
126.9707245
37.2944794	
126.9707309
37.2944769	
126.9707376
37.2944742	
126.9707443
37.2944718	
126.9707511
37.2944689	
126.9707576
37.2944664	
126.9707644
37.294464	
126.9707711
37.2944618	
126.9707782
37.2944596	
126.9707852
37.2944578	
126.9707924
37.2944559	
126.9707996
37.2944541	
126.9708065
37.2944523	
126.9708136
37.2944506	
126.9708208
37.2944489	
126.9708279
37.2944472	
126.9708351
37.2944458	
126.9708422
37.2944443	
126.9708495
37.2944431	
126.9708565
37.2944418	
126.9708635
37.2944409	
126.9708709
37.2944399	
126.9708783
37.2944392	
126.9708854
37.2944382	
126.9708927
37.2944374	
126.9708999
37.2944366	
126.9709072
37.2944363	
126.9709145
37.2944358	
126.9709219
37.2944356	
126.9709294
37.2944352	
126.970937
37.2944352	
126.9709443
37.2944349	
126.9709516
37.2944349	
126.970959
37.2944345	
126.9709663
37.2944346	
126.9709739
37.2944348	
126.9709814
37.2944354	
126.9709889
37.2944356	
126.9709966
37.2944362	
126.9710041
37.2944366	
126.9710114
37.2944373	
126.9710187
37.294438	
126.9710258
37.2944387	
126.9710331
37.2944396	
126.9710403
37.2944406	
126.9710476
37.2944419	
126.9710546
37.2944429	
126.9710619
37.2944444	
126.9710688
37.2944455	
126.9710761
37.2944471	
126.9710832
37.2944486	
126.9710905
37.2944504	
126.9710975
37.2944521	
126.9711047
37.2944538	
126.9711117
37.2944554	
126.9711187
37.2944575	
126.9711258
37.2944596	
126.9711329
37.2944618	
126.9711398
37.2944637	
126.9711469
37.2944661	
126.9711535
37.2944683	
126.9711604
37.2944707	
126.9711667
37.2944729	
126.9711733
37.2944755	
126.9711798
37.2944778	
126.9711863
37.2944806	
126.9711924
37.2944831	
126.9711989
37.294486	
126.9712048
37.2944887	
126.9712111
37.2944918	
126.9712172
37.2944946	
126.9712233
37.2944978	
126.9712292
37.2945009	
126.9712353
37.294504	
126.9712414
37.2945073	
126.9712475
37.2945106	
126.9712532
37.294514	
126.971259
37.2945174	
126.9712648
37.2945209	
126.9712703
37.2945244	
126.9712758
37.2945279	
126.9712812
37.2945315	
126.9712866
37.2945354	
126.9712917
37.2945392	
126.971297
37.2945432	
126.9713021
37.294547	
126.9713076
37.2945511	
126.9713126
37.2945551	
126.9713178
37.2945594	
126.9713227
37.2945636	
126.9713277
37.2945679	
126.9713322
37.2945723	
126.971337
37.294577	
126.9713415
37.2945811	
126.9713463
37.2945858	
126.9713506
37.2945904	
126.9713552
37.2945951	
126.9713595
37.2945996	
126.9713639
37.2946043	
126.9713678
37.2946091	
126.971372
37.2946138	
126.9713759
37.2946183	
126.9713802
37.2946231	
126.9713838
37.2946277	
126.9713878
37.2946326	
126.9713909
37.2946374	
126.9713945
37.2946423	
126.9713977
37.2946471	
126.9714011
37.2946523	
126.9714042
37.2946572	
126.9714074
37.2946624	
126.9714103
37.2946673	
126.9714133
37.2946726	
126.9714167
37.2946779	
126.9714197
37.2946833	
126.9714227
37.2946887	
126.9714252
37.2946943	
126.971428
37.2947	
126.9714301
37.2947056	
126.9714323
37.2947109	
126.9714343
37.2947162	
126.9714367
37.2947218	
126.9714385
37.2947273	
126.9714407
37.2947329	
126.9714425
37.2947386	
126.9714444
37.2947443	
126.9714458
37.29475	
126.9714476
37.2947557	
126.971449
37.2947614	
126.9714506
37.2947672	
126.9714516
37.2947728	
126.9714529
37.2947786	
126.9714538
37.2947844	
126.971455
37.2947904	
126.9714555
37.2947962	
126.9714566
37.2948019	
126.9714569
37.2948079	
126.9714581
37.2948136	
126.9714587
37.2948195	
126.9714598
37.2948252	
126.9714604
37.294831	
126.9714616
37.2948369	
126.9714622
37.2948428	
126.9714632
37.2948486	
126.971464
37.2948545	
126.9714649
37.2948604	
126.9714655
37.2948663	
126.9714664
37.2948723	
126.9714672
37.2948784	
126.9714683
37.2948845	
126.9714691
37.2948905	
126.9714699
37.2948967	
126.9714706
37.2949028	
126.9714718
37.2949087	
126.9714724
37.2949147	
126.9714735
37.2949205	
126.9714741
37.2949266	
126.9714752
37.2949325	
126.971476
37.2949385	
126.9714769
37.2949445	
126.9714774
37.2949505	
126.9714782
37.2949565	
126.9714791
37.2949627	
126.9714803
37.2949688	
126.971481
37.2949747	
126.9714819
37.2949808	
126.9714828
37.2949867	
126.9714838
37.2949926	
126.9714845
37.2949986	
126.9714851
37.2950044	
126.971486
37.2950103	
126.9714871
37.2950163	
126.9714878
37.2950224	
126.9714885
37.2950285	
126.9714893
37.2950342	
126.9714902
37.2950399	
126.9714911
37.2950456	
126.9714918
37.2950515	
126.9714927
37.2950572	
126.9714934
37.295063	
126.9714947
37.2950688	
126.9714955
37.2950746	
126.9714965
37.2950807	
126.971497
37.2950867	
126.9714978
37.2950926	
126.9714985
37.2950986	
126.9714994
37.2951046	
126.9715001
37.2951107	
126.9715012
37.2951168	
126.9715019
37.2951228	
126.9715027
37.2951283	
126.9715033
37.2951339	
126.9715045
37.2951394	
126.9715052
37.2951446	
126.9715062
37.2951496	
126.9715072

