37.2951524
126.9714647
37.2951575
126.9714656
37.2951625
126.9714667
37.2951676
126.9714672
37.2951730
126.9714680
37.2951785
126.9714689
37.2951836
126.9714699
37.2951890
126.9714701
37.2951942
126.9714709
37.2951995
126.9714716
37.2952048
126.9714725
37.2952101
126.9714734
37.2952154
126.9714741
37.2952207
126.9714751
37.2952258
126.9714756
37.2952312
126.9714763
37.2952364
126.9714769
37.2952418
126.9714779
37.2952472
126.9714785
37.2952523
126.9714798
37.2952575
126.9714803
37.2952628
126.9714809
37.2952681
126.9714818
37.2952733
126.9714823
37.2952784
126.9714832
37.2952838
126.9714837
37.2952894
126.9714847
37.2952948
126.9714853
37.2953002
126.9714863
37.2953056
126.9714866
37.2953109
126.9714874
37.2953162
126.9714884
37.2953216
126.9714893
37.2953268
126.9714905
37.2953319
126.9714908
37.2953372
126.9714919
37.2953426
126.9714924
37.2953480
126.9714932
37.2953533
126.9714934
37.2953587
126.9714943
37.2953641
126.9714951
37.2953696
126.9714963
37.2953749
126.9714971
37.2953807
126.9714978
37.2953862
126.9714988
37.2953918
126.9714992
37.2953973
126.9715000
37.2954026
126.9715005
37.2954082
126.9715014
37.2954138
126.9715020
37.2954194
126.9715030
37.2954249
126.9715035
37.2954304
126.9715044
37.2954360
126.9715052
37.2954418
126.9715061
37.2954473
126.9715073
37.2954529
126.9715078
37.2954583
126.9715090
37.2954638
126.9715095
37.2954692
126.9715102
37.2954748
126.9715103
37.2954804
126.9715112
37.2954860
126.9715120
37.2954915
126.9715137
37.2954972
126.9715143
37.2955026
126.9715152
37.2955082
126.9715159
37.2955137
126.9715166
37.2955192
126.9715174
37.2955248
126.9715175
37.2955301
126.9715181
37.2955358
126.9715182
37.2955414
126.9715187
37.2955471
126.9715186
37.2955526
126.9715187
37.2955581
126.9715183
37.2955636
126.9715184
37.2955691
126.9715178
37.2955745
126.9715173
37.2955800
126.9715169
37.2955855
126.9715160
37.2955912
126.9715155
37.2955967
126.9715143
37.2956023
126.9715135
37.2956079
126.9715125
37.2956135
126.9715116
37.2956191
126.9715102
37.2956245
126.9715088
37.2956299
126.9715069
37.2956354
126.9715057
37.2956408
126.9715037
37.2956460
126.9715023
37.2956512
126.9715002
37.2956565
126.9714983
37.2956621
126.9714962
37.2956678
126.9714938
37.2956733
126.9714915
37.2956783
126.9714886
37.2956837
126.9714859
37.2956889
126.9714832
37.2956943
126.9714804
37.2956994
126.9714773
37.2957047
126.9714744
37.2957097
126.9714713
37.2957148
126.9714684
37.2957195
126.9714651
37.2957243
126.9714619
37.2957290
126.9714581
37.2957339
126.9714547
37.2957385
126.9714509
37.2957431
126.9714469
37.2957479
126.9714434
37.2957527
126.9714394
37.2957575
126.9714354
37.2957622
126.9714311
37.2957667
126.9714271
37.2957714
126.9714226
37.2957761
126.9714181
37.2957804
126.9714135
37.2957849
126.9714092
37.2957891
126.9714045
37.2957932
126.9713999
37.2957972
126.9713953
37.2958012
126.9713904
37.2958052
126.9713856
37.2958089
126.9713803
37.2958128
126.9713753
37.2958164
126.9713700
37.2958203
126.9713651
37.2958238
126.9713598
37.2958275
126.9713545
37.2958308
126.9713489
37.2958346
126.9713435
37.2958379
126.9713378
37.2958415
126.9713323
37.2958446
126.9713265
37.2958479
126.9713210
37.2958511
126.9713150
37.2958541
126.9713091
37.2958573
126.9713031
37.2958602
126.9712971
37.2958631
126.9712909
37.2958657
126.9712845
37.2958685
126.9712785
37.2958709
126.9712720
37.2958735
126.9712657
37.2958759
126.9712592
37.2958786
126.9712528
37.2958808
126.9712461
37.2958833
126.9712395
37.2958853
126.9712327
37.2958875
126.9712263
37.2958893
126.9712197
37.2958914
126.9712131
37.2958933
126.9712062
37.2958951
126.9711992
37.2958966
126.9711923
37.2958981
126.9711853
37.2958998
126.9711782
37.2959010
126.9711713
37.2959024
126.9711644
37.2959037
126.9711575
37.2959051
126.9711506
37.2959060
126.9711436
37.2959071
126.9711365
37.2959077
126.9711295
37.2959087
126.9711223
37.2959091
126.9711152
37.2959100
126.9711081
37.2959102
126.9711011
37.2959109
126.9710941
37.2959113
126.9710871
37.2959116
126.9710801
37.2959118
126.9710731
37.2959116
126.9710662
37.2959117
126.9710592
37.2959114
126.9710523
37.2959113
126.9710453
37.2959110
126.9710382
37.2959107
126.9710309
37.2959100
126.9710240
37.2959096
126.9710169
37.2959090
126.9710098
37.2959085
126.9710029
37.2959076
126.9709959
37.2959069
126.9709889
37.2959056
126.9709819
37.2959046
126.9709749
37.2959033
126.9709680
37.2959022
126.9709612
37.2959009
126.9709544
37.2958995
126.9709477
37.2958980
126.9709409
37.2958964
126.9709341
37.2958949
126.9709274
37.2958930
126.9709206
37.2958912
126.9709138
37.2958892
126.9709074
37.2958874
126.9709007
37.2958853
126.9708943
37.2958833
126.9708878
37.2958810
126.9708815
37.2958790
126.9708752
37.2958765
126.9708691
37.2958743
126.9708627
37.2958718
126.9708567
37.2958694
126.9708506
37.2958666
126.9708445
37.2958641
126.9708386
37.2958614
126.9708324
37.2958584
126.9708266
37.2958554
126.9708204
37.2958522
126.9708145
37.2958490
126.9708084
37.2958458
126.9708023
37.2958426
126.9707964
37.2958390
126.9707907
37.2958355
126.9707847
37.2958319
126.9707791
37.2958282
126.9707732
37.2958243
126.9707678
37.2958205
126.9707621
37.2958166
126.9707569
37.2958127
126.9707514
37.2958087
126.9707464
37.2958048
126.9707412
37.2958007
126.9707365
37.2957967
126.9707317
37.2957927
126.9707271
37.2957885
126.9707222
37.2957844
126.9707176
37.2957800
126.9707132
37.2957758
126.9707086
37.2957712
126.9707044
37.2957668
126.9707000
37.2957622
126.9706959
37.2957576
126.9706918
37.2957530
126.9706878
37.2957484
126.9706836
37.2957437
126.9706800
37.2957390
126.9706761
37.2957341
126.9706727
37.2957294
126.9706688
37.2957245
126.9706654
37.2957196
126.9706618
37.2957147
126.9706583
37.2957095
126.9706555
37.2957043
126.9706524
37.2956989
126.9706496
37.2956939
126.9706465
37.2956887
126.9706438
37.2956834
126.9706408
37.2956780
126.9706384
37.2956726
126.9706357
37.2956671
126.9706334
37.2956618
126.9706310
37.2956562
126.9706289
37.2956508
126.9706265
37.2956452
126.9706249
37.2956396
126.9706229
37.2956339
126.9706214
37.2956283
126.9706197
37.2956226
126.9706179
37.2956170
126.9706166
37.2956112
126.9706150
37.2956053
126.9706141
37.2955995
126.9706126
37.2955937
126.9706115
37.2955878
126.9706104
37.2955820
126.9706098
37.2955762
126.9706089
37.2955704
126.9706084
37.2955647
126.9706073
37.2955589
126.9706068
37.2955533
126.9706058
37.2955475
126.9706050
37.2955417
126.9706040
37.2955360
126.9706033
37.2955301
126.9706025
37.2955244
126.9706015
37.2955185
126.9706010
37.2955125
126.9705999
37.2955065
126.9705995
37.2955006
126.9705986
37.2954948
126.9705980
37.2954891
126.9705970
37.2954832
126.9705965
37.2954775
126.9705953
37.2954718
126.9705945
37.2954661
126.9705931
37.2954603
126.9705926
37.2954548
126.9705916
37.2954491
126.9705912
37.2954435
126.9705903
37.2954377
126.9705895
37.2954319
126.9705887
37.2954262
126.9705878
37.2954205
126.9705872
37.2954148
126.9705861
37.2954091
126.9705855
37.2954036
126.9705843
37.2953979
126.9705838
37.2953922
126.9705829
37.2953864
126.9705822
37.2953806
126.9705811
37.2953748
126.9705805
37.2953690
126.9705793
37.2953632
126.9705787
37.2953575
126.9705775
37.2953518
126.9705767
37.2953460
126.9705756
37.2953402
126.9705748
37.2953343
126.9705739
37.2953286
126.9705732
37.2953230
126.9705725
37.2953174
126.9705715
37.2953117
126.9705707
37.2953059
126.9705697
37.2953002
126.9705691
37.2952945
126.9705682
37.2952889
126.9705676
37.2952833
126.9705665
37.2952777
126.9705659
37.2952719
126.9705647
37.2952661
126.9705640
37.2952603
126.9705632
37.2952544
126.9705630
37.2952487
126.9705620
37.2952431
126.9705613
37.2952377
126.9705605
37.2952322
126.9705596
37.2952267
126.9705585
37.2952213
126.9705575
37.2952156
126.9705568
37.2952099
126.9705561
37.2952041
126.9705558
37.2951982
126.9705550
37.2951922
126.9705545
37.2951865
126.9705533
37.2951808
126.9705524
37.2951772
126.9705512
37.2951737
126.9705508
37.2951691
126.9705503
37.2951640
126.9705496
37.2951583
126.9705493
37.2951527
126.9705483
37.2951470
126.9705476
37.2951417
126.9705473
37.2951368
126.9705467
37.2951318
126.9705463
37.2951266
126.9705455
37.2951214
126.9705448
37.2951163
126.9705434
37.2951112
126.9705430
37.2951060
126.9705422
37.2951009
126.9705415
37.2950956
126.9705408
37.2950901
126.9705398
37.2950846
126.9705393
37.2950792
126.9705384
37.2950739
126.9705379
37.2950687
126.9705370
37.2950635
126.9705366
37.2950583
126.9705356
37.2950529
126.9705348
37.2950479
126.9705341
37.2950427
126.9705331
37.2950375
126.9705325
37.2950323
126.9705316
37.2950270
126.9705311
37.2950218
126.9705301
37.2950165
126.9705295
37.2950114
126.9705285
37.2950061
126.9705277
37.2950007
126.9705269
37.2949954
126.9705259
37.2949899
126.9705253
37.2949845
126.9705242
37.2949793
126.9705237
37.2949739
126.9705229
37.2949685
126.9705226
37.2949633
126.9705216
37.2949580
126.9705209
37.2949527
126.9705203
37.2949474
126.9705192
37.2949421
126.9705187
37.2949367
126.9705177
37.2949314
126.9705172
37.2949260
126.9705162
37.2949206
126.9705157
37.2949153
126.9705146
37.2949100
126.9705138
37.2949048
126.9705130
37.2948995
126.9705120
37.2948942
126.9705116
37.2948889
126.9705108
37.2948835
126.9705103
37.2948782
126.9705090
37.2948727
126.9705085
37.2948673
126.9705078
37.2948620
126.9705075
37.2948568
126.9705071
37.2948518
126.9705063
37.2948466
126.9705062
37.2948414
126.9705058
37.2948362
126.9705060
37.2948309
126.9705057
37.2948259
126.9705058
37.2948208
126.9705059
37.2948156
126.9705062
37.2948105
126.9705068
37.2948051
126.9705070
37.2947998
126.9705078
37.2947945
126.9705083
37.2947892
126.9705092
37.2947839
126.9705097
37.2947788
126.9705109
37.2947737
126.9705117
37.2947685
126.9705127
37.2947634
126.9705140
37.2947581
126.9705152
37.2947528
126.9705168
37.2947478
126.9705180
37.2947426
126.9705198
37.2947373
126.9705212
37.2947322
126.9705234
37.2947273
126.9705251
37.2947224
126.9705272
37.2947176
126.9705292
37.2947125
126.9705311
37.2947077
126.9705334
37.2947028
126.9705355
37.2946979
126.9705380
37.2946929
126.9705404
37.2946880
126.9705430
37.2946832
126.9705453
37.2946786
126.9705483
37.2946739
126.9705513
37.2946691
126.9705541
37.2946644
126.9705573
37.2946595
126.9705602
37.2946548
126.9705635
37.2946500
126.9705665
37.2946455
126.9705700
37.2946408
126.9705731
37.2946364
126.9705769
37.2946319
126.9705805
37.2946275
126.9705841
37.2946232
126.9705881
37.2946189
126.9705918
37.2946150
126.9705959
37.2946107
126.9705997
37.2946066
126.9706038
37.2946024
126.9706078
37.2945984
126.9706123
37.2945944
126.9706164
37.2945904
126.9706208
37.2945865
126.9706252
37.2945825
126.9706295
37.2945788
126.9706342
37.2945748
126.9706388
37.2945711
126.9706436
37.2945672
126.9706481
37.2945637
126.9706533
37.2945600
126.9706581
37.2945564
126.9706632
37.2945528
126.9706682
37.2945492
126.9706735
37.2945460
126.9706791
37.2945425
126.9706845
37.2945393
126.9706901
37.2945362
126.9706956
37.2945333
126.9707012
37.2945300
126.9707067
37.2945273
126.9707125
37.2945245
126.9707180
37.2945215
126.9707238
37.2945187
126.9707297
37.2945157
126.9707358
37.2945130
126.9707421
37.2945101
126.9707482
37.2945078
126.9707548
37.2945051
126.9707612
37.2945026
126.9707678
37.2944999
126.9707739
37.2944978
126.9707804
37.2944954
126.9707867
37.2944935
126.9707930
37.2944916
126.9707994
37.2944898
126.9708059
37.2944880
126.9708125
37.2944860
126.9708188
37.2944845
126.9708254
37.2944827
126.9708319
37.2944812
126.9708386
37.2944796
126.9708453
37.2944784
126.9708521
37.2944771
126.9708587
37.2944761
126.9708653
37.2944751
126.9708720
37.2944739
126.9708787
37.2944731
126.9708855
37.2944721
126.9708921
37.2944716
126.9708990
37.2944708
126.9709060
37.2944702
126.9709129
37.2944694
126.9709200
37.2944691
126.9709269
37.2944685
126.9709336
37.2944683
126.9709406
37.2944682
126.9709475
37.2944680
126.9709545
37.2944680
126.9709612
37.2944679
126.9709680
37.2944683
126.9709747
37.2944686
126.9709816
37.2944691
126.9709887
37.2944691
126.9709957
37.2944698
126.9710027
37.2944700
126.9710095
37.2944707
126.9710161
37.2944714
126.9710227
37.2944722
126.9710295
37.2944732
126.9710363
37.2944741
126.9710433
37.2944753
126.9710501
37.2944762
126.9710571
37.2944775
126.9710641
37.2944786
126.9710710
37.2944804
126.9710778
37.2944816
126.9710847
37.2944832
126.9710915
37.2944846
126.9710982
37.2944864
126.9711049
37.2944881
126.9711115
37.2944899
126.9711182
37.2944921
126.9711248
37.2944942
126.9711314
37.2944966
126.9711378
37.2944987
126.9711447
37.2945012
126.9711511
37.2945037
126.9711577
37.2945063
126.9711639
37.2945085
126.9711704
37.2945112
126.9711765
37.2945136
126.9711828
37.2945165
126.9711888
37.2945196
126.9711948
37.2945225
126.9712010
37.2945259
126.9712070
37.2945290
126.9712130
37.2945322
126.9712187
37.2945353
126.9712247
37.2945389
126.9712304
37.2945420
126.9712365
37.2945456
126.9712418
37.2945489
126.9712474
37.2945525
126.9712527
37.2945562
126.9712582
37.2945602
126.9712634
37.2945641
126.9712685
37.2945678
126.9712739
37.2945716
126.9712788
37.2945753
126.9712840
37.2945794
126.9712886
37.2945835
126.9712935
37.2945878
126.9712979
37.2945918
126.9713028
37.2945961
126.9713072
37.2946002
126.9713119
37.2946046
126.9713159
37.2946088
126.9713202
37.2946132
126.9713243
37.2946176
126.9713285
37.2946218
126.9713326
37.2946264
126.9713364
37.2946309
126.9713405
37.2946356
126.9713440
37.2946401
126.9713478
37.2946449
126.9713511
37.2946494
126.9713548
37.2946542
126.9713581
37.2946590
126.9713617
37.2946639
126.9713648
37.2946688
126.9713679
37.2946737
126.9713710
37.2946785
126.9713738
37.2946835
126.9713767
37.2946887
126.9713791
37.2946939
126.9713819
37.2946991
126.9713844
37.2947042
126.9713872
37.2947095
126.9713895
37.2947147
126.9713919
37.2947200
126.9713940
37.2947253
126.9713963
37.2947306
126.9713982
37.2947358
126.9714003
37.2947412
126.9714023
37.2947467
126.9714037
37.2947522
126.9714053
37.2947578
126.9714064
37.2947634
126.9714079
37.2947690
126.9714090
37.2947746
126.9714104
37.2947802
126.9714113
37.2947859
126.9714129
37.2947914
126.9714136
37.2947970
126.9714147
37.2948027
126.9714152
37.2948084
126.9714162
37.2948141
126.9714170
37.2948197
126.9714177
37.2948254
126.9714186
37.2948308
126.9714193
37.2948365
126.9714202
37.2948420
126.9714206
37.2948476
126.9714214
37.2948532
126.9714220
37.2948589
126.9714232
37.2948644
126.9714239
37.2948702
126.9714250
37.2948759
126.9714254
37.2948816
126.9714263
37.2948872
126.9714267
37.2948927
126.9714276
37.2948981
126.9714288
37.2949040
126.9714295
37.2949098
126.9714305
37.2949156
126.9714308
37.2949215
126.9714317
37.2949273
126.9714323
37.2949330
126.9714333
37.2949388
126.9714342
37.2949445
126.9714351
37.2949502
126.9714357
37.2949560
126.9714368
37.2949618
126.9714374
37.2949674
126.9714384
37.2949729
126.9714390
37.2949783
126.9714401
37.2949838
126.9714407
37.2949892
126.9714413
37.2949948
126.9714425
37.2950003
126.9714433
37.2950059
126.9714444
37.2950115
126.9714451
37.2950172
126.9714458
37.2950228
126.9714464
37.2950283
126.9714474
37.2950338
126.9714479
37.2950392
126.9714487
37.2950447
126.9714492
37.2950501
126.9714499
37.2950554
126.9714508
37.2950609
126.9714515
37.2950665
126.9714527
37.2950720
126.9714533
37.2950776
126.9714543
37.2950832
126.9714549
37.2950888
126.9714560
37.2950942
126.9714566
37.2950997
126.9714577
37.2951051
126.9714583
37.2951105
126.9714592
37.2951161
126.9714598
37.2951216
126.9714604
37.2951271
126.9714613
37.2951326
126.9714619
37.2951382
126.9714630
37.2951437
126.9714636
37.2951506
126.9714646
